2 0.57421875 0.81796875 0.028125 0.0328125
2 0.11484375 0.81640625 0.0375 0.0546875
2 0.54765625 0.80625 0.0328125 0.04375
2 0.2515625 0.8 0.059375 0.0375
2 0.7265625 0.775 0.034375 0.03125
2 0.07890625 0.703125 0.05625 0.05
2 0.34921875 0.69609375 0.0328125 0.04375
2 0.315625 0.68359375 0.0390625 0.0421875
2 0.775 0.67578125 0.040625 0.040625
2 0.66796875 0.64296875 0.04375 0.0390625
2 0.71171875 0.63359375 0.0421875 0.034375
2 0.678125 0.61328125 0.034375 0.028125
2 0.45390625 0.59609375 0.0359375 0.04375
2 0.78046875 0.565625 0.0421875 0.04375
2 0.4265625 0.52890625 0.0421875 0.04375
2 0.21171875 0.4828125 0.0359375 0.040625
2 0.2421875 0.4703125 0.04375 0.0375
2 0.6796875 0.446875 0.0328125 0.0375
2 0.42578125 0.4453125 0.0515625 0.0515625
2 0.8390625 0.42734375 0.0359375 0.0359375
2 0.66640625 0.41953125 0.0375 0.046875
2 0.803125 0.41171875 0.04375 0.0359375
2 0.9671875 0.396875 0.0375 0.0390625
2 0.21953125 0.36875 0.0546875 0.0359375
2 0.64375 0.3609375 0.034375 0.0359375
2 0.47421875 0.35546875 0.04375 0.0375
2 0.2015625 0.346875 0.0359375 0.0421875
2 0.85 0.34375 0.040625 0.040625
2 0.675 0.34140625 0.0453125 0.04375
2 0.6265625 0.2484375 0.0328125 0.0421875
2 0.38359375 0.2046875 0.0390625 0.034375
2 0.26640625 0.17890625 0.0375 0.05
2 0.39921875 0.175 0.03125 0.03125
2 0.7578125 0.16640625 0.034375 0.0296875
2 0.56015625 0.1015625 0.0390625 0.0375
2 0.43984375 0.08671875 0.0328125 0.0265625
2 0.4171875 0.0796875 0.0328125 0.03125
2 0.4515625 0.05546875 0.028125 0.0375