2 0.57421875 0.18203125 0.028125 0.0328125
2 0.11484375 0.18359375 0.0375 0.0546875
2 0.54765625 0.19375 0.0328125 0.04375
2 0.2515625 0.2 0.059375 0.0375
2 0.7265625 0.225 0.034375 0.03125
2 0.07890625 0.296875 0.05625 0.05
2 0.34921875 0.30390625 0.0328125 0.04375
2 0.315625 0.31640625 0.0390625 0.0421875
2 0.775 0.32421875 0.040625 0.040625
2 0.66796875 0.35703125 0.04375 0.0390625
2 0.71171875 0.36640625 0.0421875 0.034375
2 0.678125 0.38671875 0.034375 0.028125
2 0.45390625 0.40390625 0.0359375 0.04375
2 0.78046875 0.434375 0.0421875 0.04375
2 0.4265625 0.47109375 0.0421875 0.04375
2 0.21171875 0.5171875 0.0359375 0.040625
2 0.2421875 0.5296875 0.04375 0.0375
2 0.6796875 0.553125 0.0328125 0.0375
2 0.42578125 0.5546875 0.0515625 0.0515625
2 0.8390625 0.57265625 0.0359375 0.0359375
2 0.66640625 0.58046875 0.0375 0.046875
2 0.803125 0.58828125 0.04375 0.0359375
2 0.9671875 0.603125 0.0375 0.0390625
2 0.21953125 0.63125 0.0546875 0.0359375
2 0.64375 0.6390625 0.034375 0.0359375
2 0.47421875 0.64453125 0.04375 0.0375
2 0.2015625 0.653125 0.0359375 0.0421875
2 0.85 0.65625 0.040625 0.040625
2 0.675 0.65859375 0.0453125 0.04375
2 0.6265625 0.7515625 0.0328125 0.0421875
2 0.38359375 0.7953125 0.0390625 0.034375
2 0.26640625 0.82109375 0.0375 0.05
2 0.39921875 0.825 0.03125 0.03125
2 0.7578125 0.83359375 0.034375 0.0296875
2 0.56015625 0.8984375 0.0390625 0.0375
2 0.43984375 0.91328125 0.0328125 0.0265625
2 0.4171875 0.9203125 0.0328125 0.03125
2 0.4515625 0.94453125 0.028125 0.0375