2 0.871875 0.30546875 0.0984375 0.1828125
2 0.6359375 0.37421875 0.053125 0.1375
1 0.47578125 0.5 0.0859375 0.15
2 0.384375 0.58828125 0.0328125 0.0703125
2 0.35234375 0.61875 0.0546875 0.1015625
1 0.89609375 0.6609375 0.053125 0.078125
1 0.2609375 0.66953125 0.0359375 0.078125
1 0.73046875 0.69375 0.0421875 0.0703125
1 0.79609375 0.07265625 0.1171875 0.1453125
2 0.628125 0.7109375 0.034375 0.0625
2 0.665625 0.72265625 0.0296875 0.0609375
1 0.93515625 0.7453125 0.04375 0.08125
1 0.66171875 0.07890625 0.125 0.1578125
1 0.47109375 0.19140625 0.065625 0.125
2 0.8125 0.21953125 0.0984375 0.165625