2 0.128125 0.30546875 0.0984375 0.1828125
2 0.3640625 0.37421875 0.053125 0.1375
1 0.52421875 0.5 0.0859375 0.15
2 0.615625 0.58828125 0.0328125 0.0703125
2 0.64765625 0.61875 0.0546875 0.1015625
1 0.10390625 0.6609375 0.053125 0.078125
1 0.7390625 0.66953125 0.0359375 0.078125
1 0.26953125 0.69375 0.0421875 0.0703125
1 0.20390625 0.07265625 0.1171875 0.1453125
2 0.371875 0.7109375 0.034375 0.0625
2 0.334375 0.72265625 0.0296875 0.0609375
1 0.06484375 0.7453125 0.04375 0.08125
1 0.33828125 0.07890625 0.125 0.1578125
1 0.52890625 0.19140625 0.065625 0.125
2 0.1875 0.21953125 0.0984375 0.165625