2 0.809375 0.73515625 0.1015625 0.090625
2 0.67890625 0.72421875 0.175 0.1296875
2 0.57890625 0.64453125 0.2 0.1484375
2 0.51015625 0.4640625 0.19375 0.13125
1 0.44921875 0.70390625 0.171875 0.109375
2 0.44296875 0.5765625 0.190625 0.1171875
1 0.93984375 0.8609375 0.1078125 0.078125
2 0.38125 0.253125 0.2265625 0.1578125
1 0.93203125 0.7171875 0.1125 0.0890625
2 0.3234375 0.503125 0.15625 0.14375
1 0.21953125 0.55625 0.1484375 0.0953125
2 0.20234375 0.37578125 0.259375 0.1703125
2 0.18359375 0.11171875 0.271875 0.2234375
2 0.88046875 0.7953125 0.125 0.090625
2 0.86796875 0.953125 0.1359375 0.09375