2 0.26484375 0.190625 0.090625 0.1015625
2 0.27578125 0.32109375 0.1296875 0.175
2 0.35546875 0.42109375 0.1484375 0.2
2 0.5359375 0.48984375 0.13125 0.19375
1 0.29609375 0.55078125 0.109375 0.171875
2 0.4234375 0.55703125 0.1171875 0.190625
1 0.1390625 0.06015625 0.078125 0.1078125
2 0.746875 0.61875 0.1578125 0.2265625
1 0.2828125 0.06796875 0.0890625 0.1125
2 0.496875 0.6765625 0.14375 0.15625
1 0.44375 0.78046875 0.0953125 0.1484375
2 0.62421875 0.79765625 0.1703125 0.259375
2 0.88828125 0.81640625 0.2234375 0.271875
2 0.2046875 0.11953125 0.090625 0.125
2 0.046875 0.13203125 0.09375 0.1359375