1 0.94375 0.25 0.1 0.0765625
1 0.9046875 0.41640625 0.075 0.11875
2 0.71796875 0.54453125 0.0828125 0.10625
2 0.63515625 0.5453125 0.0828125 0.0734375
2 0.1171875 0.61875 0.0484375 0.08125
2 0.171875 0.6328125 0.084375 0.1046875
2 0.834375 0.63515625 0.0625 0.1046875
2 0.525 0.640625 0.0890625 0.096875
2 0.63359375 0.64296875 0.0765625 0.121875
2 0.884375 0.66171875 0.0984375 0.125
2 0.78125 0.68046875 0.078125 0.1078125
1 0.68671875 0.68671875 0.053125 0.078125
1 0.3828125 0.6875 0.059375 0.0796875
2 0.3015625 0.690625 0.0703125 0.1140625
2 0.32578125 0.76796875 0.0890625 0.115625
2 0.60234375 0.7875 0.0984375 0.125
1 0.184375 0.7875 0.0484375 0.078125
1 0.68671875 0.81953125 0.0828125 0.0828125
2 0.11015625 0.8265625 0.0578125 0.1390625
1 0.2234375 0.8390625 0.0640625 0.0890625
1 0.90859375 0.84375 0.059375 0.0703125
1 0.1390625 0.85703125 0.075 0.125
1 0.78671875 0.86328125 0.0609375 0.1046875
2 0.86015625 0.89140625 0.090625 0.1234375
2 0.321875 0.9625 0.071875 0.075
1 0.42890625 0.9640625 0.0546875 0.071875
1 0.2 0.9765625 0.0484375 0.046875
2 0.48125 0.9765625 0.053125 0.046875
2 0.55859375 0.9796875 0.0921875 0.040625