1 0.75 0.94375 0.0765625 0.1
1 0.58359375 0.9046875 0.11875 0.075
2 0.45546875 0.71796875 0.10625 0.0828125
2 0.4546875 0.63515625 0.0734375 0.0828125
2 0.38125 0.1171875 0.08125 0.0484375
2 0.3671875 0.171875 0.1046875 0.084375
2 0.36484375 0.834375 0.1046875 0.0625
2 0.359375 0.525 0.096875 0.0890625
2 0.35703125 0.63359375 0.121875 0.0765625
2 0.33828125 0.884375 0.125 0.0984375
2 0.31953125 0.78125 0.1078125 0.078125
1 0.31328125 0.68671875 0.078125 0.053125
1 0.3125 0.3828125 0.0796875 0.059375
2 0.309375 0.3015625 0.1140625 0.0703125
2 0.23203125 0.32578125 0.115625 0.0890625
2 0.2125 0.60234375 0.125 0.0984375
1 0.2125 0.184375 0.078125 0.0484375
1 0.18046875 0.68671875 0.0828125 0.0828125
2 0.1734375 0.11015625 0.1390625 0.0578125
1 0.1609375 0.2234375 0.0890625 0.0640625
1 0.15625 0.90859375 0.0703125 0.059375
1 0.14296875 0.1390625 0.125 0.075
1 0.13671875 0.78671875 0.1046875 0.0609375
2 0.10859375 0.86015625 0.1234375 0.090625
2 0.0375 0.321875 0.075 0.071875
1 0.0359375 0.42890625 0.071875 0.0546875
1 0.0234375 0.2 0.046875 0.0484375
2 0.0234375 0.48125 0.046875 0.053125
2 0.0203125 0.55859375 0.040625 0.0921875