2 0.38984375 0.1125 0.0984375 0.0828125
1 0.81015625 0.196875 0.0875 0.090625
2 0.15859375 0.203125 0.096875 0.09375
2 0.71953125 0.228125 0.109375 0.134375
1 0.46015625 0.2296875 0.078125 0.090625
2 0.2640625 0.23515625 0.1046875 0.1078125
2 0.63125 0.2359375 0.0625 0.078125
2 0.08984375 0.25234375 0.096875 0.078125
2 0.01875 0.26640625 0.0375 0.0890625
2 0.41953125 0.2828125 0.096875 0.1078125
2 0.1921875 0.3171875 0.096875 0.084375
2 0.06015625 0.37734375 0.078125 0.0671875
2 0.225 0.396875 0.1140625 0.090625
2 0.48359375 0.40625 0.0890625 0.09375
2 0.3296875 0.41796875 0.0828125 0.0984375
1 0.68671875 0.43203125 0.0953125 0.08125
2 0.12109375 0.43671875 0.0953125 0.0859375
2 0.25078125 0.46875 0.0671875 0.071875
1 0.90078125 0.50390625 0.090625 0.1015625
1 0.0796875 0.51796875 0.071875 0.06875
1 0.13671875 0.55859375 0.0859375 0.06875
2 0.04921875 0.56484375 0.090625 0.08125
2 0.953125 0.59921875 0.09375 0.096875
2 0.8296875 0.60234375 0.109375 0.1015625
2 0.5890625 0.6125 0.090625 0.0671875
1 0.640625 0.63671875 0.0734375 0.090625
2 0.06953125 0.64296875 0.1 0.0890625
2 0.7234375 0.678125 0.1140625 0.1140625
2 0.359375 0.68203125 0.1203125 0.128125
2 0.2078125 0.69140625 0.1078125 0.1109375
2 0.8734375 0.69921875 0.0828125 0.1
2 0.9375 0.70859375 0.0921875 0.1109375
2 0.08046875 0.71953125 0.078125 0.0890625
2 0.03359375 0.7265625 0.059375 0.0859375
2 0.56796875 0.7328125 0.1234375 0.13125
2 0.75859375 0.76875 0.09375 0.08125
2 0.84296875 0.77734375 0.1125 0.1328125
2 0.7125 0.84140625 0.078125 0.090625
2 0.1890625 0.08671875 0.1 0.1