2 0.8875 0.61015625 0.0828125 0.0984375
1 0.803125 0.18984375 0.090625 0.0875
2 0.796875 0.84140625 0.09375 0.096875
2 0.771875 0.28046875 0.134375 0.109375
1 0.7703125 0.53984375 0.090625 0.078125
2 0.76484375 0.7359375 0.1078125 0.1046875
2 0.7640625 0.36875 0.078125 0.0625
2 0.74765625 0.91015625 0.078125 0.096875
2 0.73359375 0.98125 0.0890625 0.0375
2 0.7171875 0.58046875 0.1078125 0.096875
2 0.6828125 0.8078125 0.084375 0.096875
2 0.62265625 0.93984375 0.0671875 0.078125
2 0.603125 0.775 0.090625 0.1140625
2 0.59375 0.51640625 0.09375 0.0890625
2 0.58203125 0.6703125 0.0984375 0.0828125
1 0.56796875 0.31328125 0.08125 0.0953125
2 0.56328125 0.87890625 0.0859375 0.0953125
2 0.53125 0.74921875 0.071875 0.0671875
1 0.49609375 0.09921875 0.1015625 0.090625
1 0.48203125 0.9203125 0.06875 0.071875
1 0.44140625 0.86328125 0.06875 0.0859375
2 0.43515625 0.95078125 0.08125 0.090625
2 0.40078125 0.046875 0.096875 0.09375
2 0.39765625 0.1703125 0.1015625 0.109375
2 0.3875 0.4109375 0.0671875 0.090625
1 0.36328125 0.359375 0.090625 0.0734375
2 0.35703125 0.93046875 0.0890625 0.1
2 0.321875 0.2765625 0.1140625 0.1140625
2 0.31796875 0.640625 0.128125 0.1203125
2 0.30859375 0.7921875 0.1109375 0.1078125
2 0.30078125 0.1265625 0.1 0.0828125
2 0.29140625 0.0625 0.1109375 0.0921875
2 0.28046875 0.91953125 0.0890625 0.078125
2 0.2734375 0.96640625 0.0859375 0.059375
2 0.2671875 0.43203125 0.13125 0.1234375
2 0.23125 0.24140625 0.08125 0.09375
2 0.22265625 0.15703125 0.1328125 0.1125
2 0.15859375 0.2875 0.090625 0.078125
2 0.91328125 0.8109375 0.1 0.1