2 0.4515625 0.33984375 0.0734375 0.046875
1 0.45703125 0.59296875 0.040625 0.03125
2 0.478125 0.56171875 0.0421875 0.040625
2 0.53125 0.4796875 0.053125 0.053125
2 0.53984375 0.40546875 0.075 0.0515625
2 0.63203125 0.64296875 0.06875 0.0578125
2 0.63671875 0.6953125 0.0796875 0.0640625
2 0.64453125 0.5125 0.078125 0.053125
2 0.65625 0.309375 0.071875 0.040625
2 0.675 0.2796875 0.0546875 0.03125
2 0.7 0.4359375 0.090625 0.059375
2 0.71640625 0.546875 0.0546875 0.0421875
2 0.72421875 0.2734375 0.0515625 0.0453125
1 0.73125 0.24453125 0.0453125 0.034375
2 0.7609375 0.6828125 0.05 0.0390625
2 0.7640625 0.4875 0.075 0.0484375
1 0.77421875 0.71640625 0.046875 0.04375
2 0.778125 0.44609375 0.0546875 0.0421875
2 0.809375 0.51171875 0.0421875 0.0390625