2 0.8875 0.38984375 0.0828125 0.0984375
1 0.803125 0.81015625 0.090625 0.0875
2 0.796875 0.15859375 0.09375 0.096875
2 0.771875 0.71953125 0.134375 0.109375
1 0.7703125 0.46015625 0.090625 0.078125
2 0.76484375 0.2640625 0.1078125 0.1046875
2 0.7640625 0.63125 0.078125 0.0625
2 0.74765625 0.08984375 0.078125 0.096875
2 0.73359375 0.01875 0.0890625 0.0375
2 0.7171875 0.41953125 0.1078125 0.096875
2 0.6828125 0.1921875 0.084375 0.096875
2 0.62265625 0.06015625 0.0671875 0.078125
2 0.603125 0.225 0.090625 0.1140625
2 0.59375 0.48359375 0.09375 0.0890625
2 0.58203125 0.3296875 0.0984375 0.0828125
1 0.56796875 0.68671875 0.08125 0.0953125
2 0.56328125 0.12109375 0.0859375 0.0953125
2 0.53125 0.25078125 0.071875 0.0671875
1 0.49609375 0.90078125 0.1015625 0.090625
1 0.48203125 0.0796875 0.06875 0.071875
1 0.44140625 0.13671875 0.06875 0.0859375
2 0.43515625 0.04921875 0.08125 0.090625
2 0.40078125 0.953125 0.096875 0.09375
2 0.39765625 0.8296875 0.1015625 0.109375
2 0.3875 0.5890625 0.0671875 0.090625
1 0.36328125 0.640625 0.090625 0.0734375
2 0.35703125 0.06953125 0.0890625 0.1
2 0.321875 0.7234375 0.1140625 0.1140625
2 0.31796875 0.359375 0.128125 0.1203125
2 0.30859375 0.2078125 0.1109375 0.1078125
2 0.30078125 0.8734375 0.1 0.0828125
2 0.29140625 0.9375 0.1109375 0.0921875
2 0.28046875 0.08046875 0.0890625 0.078125
2 0.2734375 0.03359375 0.0859375 0.059375
2 0.2671875 0.56796875 0.13125 0.1234375
2 0.23125 0.75859375 0.08125 0.09375
2 0.22265625 0.84296875 0.1328125 0.1125
2 0.15859375 0.7125 0.090625 0.078125
2 0.91328125 0.1890625 0.1 0.1