2 0.66015625 0.5484375 0.046875 0.0734375
1 0.40703125 0.54296875 0.03125 0.040625
2 0.43828125 0.521875 0.040625 0.0421875
2 0.5203125 0.46875 0.053125 0.053125
2 0.59453125 0.46015625 0.0515625 0.075
2 0.35703125 0.36796875 0.0578125 0.06875
2 0.3046875 0.36328125 0.0640625 0.0796875
2 0.4875 0.35546875 0.053125 0.078125
2 0.690625 0.34375 0.040625 0.071875
2 0.7203125 0.325 0.03125 0.0546875
2 0.5640625 0.3 0.059375 0.090625
2 0.453125 0.28359375 0.0421875 0.0546875
2 0.7265625 0.27578125 0.0453125 0.0515625
1 0.75546875 0.26875 0.034375 0.0453125
2 0.3171875 0.2390625 0.0390625 0.05
2 0.5125 0.2359375 0.0484375 0.075
1 0.28359375 0.22578125 0.04375 0.046875
2 0.55390625 0.221875 0.0421875 0.0546875
2 0.48828125 0.190625 0.0390625 0.0421875