2 0.4515625 0.66015625 0.0734375 0.046875
1 0.45703125 0.40703125 0.040625 0.03125
2 0.478125 0.43828125 0.0421875 0.040625
2 0.53125 0.5203125 0.053125 0.053125
2 0.53984375 0.59453125 0.075 0.0515625
2 0.63203125 0.35703125 0.06875 0.0578125
2 0.63671875 0.3046875 0.0796875 0.0640625
2 0.64453125 0.4875 0.078125 0.053125
2 0.65625 0.690625 0.071875 0.040625
2 0.675 0.7203125 0.0546875 0.03125
2 0.7 0.5640625 0.090625 0.059375
2 0.71640625 0.453125 0.0546875 0.0421875
2 0.72421875 0.7265625 0.0515625 0.0453125
1 0.73125 0.75546875 0.0453125 0.034375
2 0.7609375 0.3171875 0.05 0.0390625
2 0.7640625 0.5125 0.075 0.0484375
1 0.77421875 0.28359375 0.046875 0.04375
2 0.778125 0.55390625 0.0546875 0.0421875
2 0.809375 0.48828125 0.0421875 0.0390625