2 0.728125 0.1046875 0.021875 0.0296875
2 0.71484375 0.31328125 0.028125 0.0203125
1 0.709375 0.3484375 0.0234375 0.01875
2 0.69765625 0.38359375 0.028125 0.0359375
2 0.69609375 0.33359375 0.0265625 0.0203125
2 0.68125 0.440625 0.0296875 0.0234375
1 0.67578125 0.03828125 0.0375 0.0234375
1 0.675 0.3421875 0.0203125 0.0203125
2 0.65390625 0.38515625 0.0265625 0.028125
2 0.64765625 0.4140625 0.0234375 0.0171875
1 0.64609375 0.446875 0.028125 0.0203125
2 0.625 0.4546875 0.0328125 0.034375
2 0.621875 0.01484375 0.046875 0.0296875
2 0.6109375 0.4734375 0.0375 0.0359375
2 0.559375 0.44140625 0.05 0.0359375
2 0.54921875 0.515625 0.05625 0.0515625
2 0.546875 0.46640625 0.0546875 0.04375
2 0.490625 0.49296875 0.0609375 0.0390625
2 0.4375 0.50859375 0.0828125 0.0671875
2 0.43515625 0.6015625 0.05 0.040625
1 0.4140625 0.66875 0.0578125 0.04375
2 0.40625 0.553125 0.0578125 0.0375
2 0.38359375 0.625 0.059375 0.053125
2 0.38203125 0.5609375 0.075 0.0578125
1 0.36328125 0.68671875 0.071875 0.0375
2 0.3609375 0.596875 0.0890625 0.0578125
2 0.31796875 0.70078125 0.0828125 0.0671875
2 0.29609375 0.61796875 0.0765625 0.065625
1 0.27421875 0.7546875 0.0859375 0.0828125
2 0.2140625 0.79140625 0.0875 0.0671875
2 0.190625 0.68671875 0.1453125 0.0890625
2 0.09609375 0.81328125 0.1109375 0.109375