1 0.4546875 0.2171875 0.0828125 0.0671875
2 0.42890625 0.27734375 0.203125 0.10625
1 0.4171875 0.5546875 0.16875 0.1125
1 0.3640625 0.37578125 0.1140625 0.078125
2 0.3265625 0.9015625 0.2125 0.1296875
2 0.3 0.321875 0.1796875 0.1359375
2 0.26171875 0.74375 0.125 0.078125
2 0.20390625 0.4578125 0.171875 0.1140625
2 0.134375 0.40625 0.1734375 0.096875
2 0.075 0.55390625 0.15 0.1203125
1 0.66484375 0.41875 0.090625 0.0703125
1 0.653125 0.30625 0.1390625 0.0859375
1 0.62890625 0.47265625 0.1203125 0.0765625