1 0.7828125 0.5453125 0.0671875 0.0828125
2 0.72265625 0.57109375 0.10625 0.203125
1 0.4453125 0.5828125 0.1125 0.16875
1 0.62421875 0.6359375 0.078125 0.1140625
2 0.0984375 0.6734375 0.1296875 0.2125
2 0.678125 0.7 0.1359375 0.1796875
2 0.25625 0.73828125 0.078125 0.125
2 0.5421875 0.79609375 0.1140625 0.171875
2 0.59375 0.865625 0.096875 0.1734375
2 0.44609375 0.925 0.1203125 0.15
1 0.58125 0.33515625 0.0703125 0.090625
1 0.69375 0.346875 0.0859375 0.1390625
1 0.52734375 0.37109375 0.0765625 0.1203125