1 0.2171875 0.5453125 0.0671875 0.0828125
2 0.27734375 0.57109375 0.10625 0.203125
1 0.5546875 0.5828125 0.1125 0.16875
1 0.37578125 0.6359375 0.078125 0.1140625
2 0.9015625 0.6734375 0.1296875 0.2125
2 0.321875 0.7 0.1359375 0.1796875
2 0.74375 0.73828125 0.078125 0.125
2 0.4578125 0.79609375 0.1140625 0.171875
2 0.40625 0.865625 0.096875 0.1734375
2 0.55390625 0.925 0.1203125 0.15
1 0.41875 0.33515625 0.0703125 0.090625
1 0.30625 0.346875 0.0859375 0.1390625
1 0.47265625 0.37109375 0.0765625 0.1203125