2 0.1296875 0.68359375 0.040625 0.0796875
1 0.184375 0.6859375 0.034375 0.0671875
1 0.21796875 0.69609375 0.0328125 0.0625
2 0.23828125 0.63984375 0.046875 0.065625
2 0.24609375 0.59609375 0.059375 0.090625
1 0.28828125 0.6015625 0.0328125 0.0671875
2 0.36875 0.51171875 0.0453125 0.0578125
1 0.45 0.2328125 0.05 0.075
1 0.49140625 0.44765625 0.0625 0.0890625
2 0.50390625 0.51484375 0.115625 0.1546875
1 0.52578125 0.28984375 0.0375 0.0546875
1 0.571875 0.2515625 0.0625 0.075
1 0.65078125 0.321875 0.0375 0.0625
1 0.7125 0.29921875 0.046875 0.075
1 0.80078125 0.3484375 0.053125 0.0859375
1 0.8578125 0.03828125 0.065625 0.0765625
1 0.8734375 0.215625 0.1125 0.0953125
1 0.8828125 0.06328125 0.05 0.0625
1 0.92578125 0.178125 0.071875 0.1
2 0.95078125 0.10390625 0.09375 0.2
1 0.98125 0.09140625 0.0375 0.121875