2 0.8703125 0.68359375 0.040625 0.0796875
1 0.815625 0.6859375 0.034375 0.0671875
1 0.78203125 0.69609375 0.0328125 0.0625
2 0.76171875 0.63984375 0.046875 0.065625
2 0.75390625 0.59609375 0.059375 0.090625
1 0.71171875 0.6015625 0.0328125 0.0671875
2 0.63125 0.51171875 0.0453125 0.0578125
1 0.55 0.2328125 0.05 0.075
1 0.50859375 0.44765625 0.0625 0.0890625
2 0.49609375 0.51484375 0.115625 0.1546875
1 0.47421875 0.28984375 0.0375 0.0546875
1 0.428125 0.2515625 0.0625 0.075
1 0.34921875 0.321875 0.0375 0.0625
1 0.2875 0.29921875 0.046875 0.075
1 0.19921875 0.3484375 0.053125 0.0859375
1 0.1421875 0.03828125 0.065625 0.0765625
1 0.1265625 0.215625 0.1125 0.0953125
1 0.1171875 0.06328125 0.05 0.0625
1 0.07421875 0.178125 0.071875 0.1
2 0.04921875 0.10390625 0.09375 0.2
1 0.01875 0.09140625 0.0375 0.121875