2 0.653125 0.95078125 0.178125 0.078125
2 0.67890625 0.4203125 0.175 0.096875
2 0.6921875 0.29921875 0.1796875 0.0890625
2 0.7625 0.903125 0.1796875 0.090625
2 0.81015625 0.36875 0.221875 0.090625
2 0.1296875 0.09765625 0.1921875 0.0796875
2 0.2421875 0.81171875 0.175 0.08125
2 0.271875 0.33359375 0.2125 0.09375
2 0.27734375 0.65390625 0.18125 0.0859375
2 0.27734375 0.73515625 0.165625 0.071875
2 0.29921875 0.14765625 0.2234375 0.096875
2 0.35625 0.2375 0.203125 0.0875
2 0.365625 0.521875 0.2234375 0.0890625
2 0.46484375 0.39296875 0.2140625 0.1015625