2 0.6734375 0.946875 0.1375 0.0671875
2 0.684375 0.42109375 0.140625 0.0796875
2 0.7 0.30234375 0.1609375 0.0953125
2 0.7609375 0.90390625 0.153125 0.0859375
2 0.7984375 0.371875 0.184375 0.090625
2 0.23828125 0.096875 0.140625 0.0859375
2 0.31796875 0.81484375 0.165625 0.0859375
2 0.34375 0.653125 0.14375 0.08125
2 0.34453125 0.33359375 0.1953125 0.0890625
2 0.35 0.73984375 0.1265625 0.071875
2 0.36875 0.14453125 0.171875 0.1109375
2 0.4171875 0.23984375 0.1765625 0.0875
2 0.421875 0.52578125 0.1703125 0.096875
2 0.5046875 0.39453125 0.178125 0.1015625