2 0.346875 0.95078125 0.178125 0.078125
2 0.32109375 0.4203125 0.175 0.096875
2 0.3078125 0.29921875 0.1796875 0.0890625
2 0.2375 0.903125 0.1796875 0.090625
2 0.18984375 0.36875 0.221875 0.090625
2 0.8703125 0.09765625 0.1921875 0.0796875
2 0.7578125 0.81171875 0.175 0.08125
2 0.728125 0.33359375 0.2125 0.09375
2 0.72265625 0.65390625 0.18125 0.0859375
2 0.72265625 0.73515625 0.165625 0.071875
2 0.70078125 0.14765625 0.2234375 0.096875
2 0.64375 0.2375 0.203125 0.0875
2 0.634375 0.521875 0.2234375 0.0890625
2 0.53515625 0.39296875 0.2140625 0.1015625