2 0.6734375 0.053125 0.1375 0.0671875
2 0.684375 0.57890625 0.140625 0.0796875
2 0.7 0.69765625 0.1609375 0.0953125
2 0.7609375 0.09609375 0.153125 0.0859375
2 0.7984375 0.628125 0.184375 0.090625
2 0.23828125 0.903125 0.140625 0.0859375
2 0.31796875 0.18515625 0.165625 0.0859375
2 0.34375 0.346875 0.14375 0.08125
2 0.34453125 0.66640625 0.1953125 0.0890625
2 0.35 0.26015625 0.1265625 0.071875
2 0.36875 0.85546875 0.171875 0.1109375
2 0.4171875 0.76015625 0.1765625 0.0875
2 0.421875 0.47421875 0.1703125 0.096875
2 0.5046875 0.60546875 0.178125 0.1015625