2 0.57578125 0.3609375 0.125 0.0671875
2 0.6046875 0.85859375 0.121875 0.103125
2 0.60703125 0.2296875 0.1328125 0.075
2 0.609375 0.18359375 0.153125 0.078125
2 0.6328125 0.665625 0.1546875 0.0875
2 0.653125 0.75 0.153125 0.0921875
2 0.66171875 0.375 0.14375 0.0609375
2 0.6796875 0.31015625 0.1265625 0.0859375
2 0.69453125 0.9625 0.1203125 0.0734375
2 0.75 0.79375 0.140625 0.0921875
2 0.778125 0.6984375 0.11875 0.0765625
2 0.8 0.94921875 0.140625 0.096875
2 0.825 0.7953125 0.090625 0.0859375
2 0.83125 0.87890625 0.159375 0.09375
2 0.4109375 0.56015625 0.1203125 0.0890625
2 0.4859375 0.38359375 0.1125 0.0734375
2 0.4859375 0.446875 0.134375 0.08125
2 0.51640625 0.5265625 0.14375 0.0921875