2 0.90703125 0.5546875 0.1734375 0.1328125
1 0.684375 0.51171875 0.11875 0.1234375
2 0.77265625 0.45859375 0.0859375 0.121875
2 0.82890625 0.4078125 0.0671875 0.10625
2 0.56640625 0.37734375 0.11875 0.15625
2 0.30234375 0.34375 0.1578125 0.2078125
1 0.46796875 0.33203125 0.1171875 0.14375
2 0.48515625 0.27578125 0.1 0.1203125
1 0.265625 0.26640625 0.059375 0.0875
1 0.6609375 0.2515625 0.0859375 0.0765625
1 0.1796875 0.1875 0.1171875 0.13125
2 0.35859375 0.1875 0.153125 0.1703125
2 0.15703125 0.5984375 0.20625 0.2671875