2 0.5546875 0.90703125 0.1328125 0.1734375
1 0.51171875 0.684375 0.1234375 0.11875
2 0.45859375 0.77265625 0.121875 0.0859375
2 0.4078125 0.82890625 0.10625 0.0671875
2 0.37734375 0.56640625 0.15625 0.11875
2 0.34375 0.30234375 0.2078125 0.1578125
1 0.33203125 0.46796875 0.14375 0.1171875
2 0.27578125 0.48515625 0.1203125 0.1
1 0.26640625 0.265625 0.0875 0.059375
1 0.2515625 0.6609375 0.0765625 0.0859375
1 0.1875 0.1796875 0.13125 0.1171875
2 0.1875 0.35859375 0.1703125 0.153125
2 0.5984375 0.15703125 0.2671875 0.20625