2 0.3609375 0.42421875 0.0671875 0.125
2 0.85859375 0.3953125 0.103125 0.121875
2 0.2296875 0.39296875 0.075 0.1328125
2 0.18359375 0.390625 0.078125 0.153125
2 0.665625 0.3671875 0.0875 0.1546875
2 0.75 0.346875 0.0921875 0.153125
2 0.375 0.33828125 0.0609375 0.14375
2 0.31015625 0.3203125 0.0859375 0.1265625
2 0.9625 0.30546875 0.0734375 0.1203125
2 0.79375 0.25 0.0921875 0.140625
2 0.6984375 0.221875 0.0765625 0.11875
2 0.94921875 0.2 0.096875 0.140625
2 0.7953125 0.175 0.0859375 0.090625
2 0.87890625 0.16875 0.09375 0.159375
2 0.56015625 0.5890625 0.0890625 0.1203125
2 0.38359375 0.5140625 0.0734375 0.1125
2 0.446875 0.5140625 0.08125 0.134375
2 0.5265625 0.48359375 0.0921875 0.14375