2 0.57578125 0.6390625 0.125 0.0671875
2 0.6046875 0.14140625 0.121875 0.103125
2 0.60703125 0.7703125 0.1328125 0.075
2 0.609375 0.81640625 0.153125 0.078125
2 0.6328125 0.334375 0.1546875 0.0875
2 0.653125 0.25 0.153125 0.0921875
2 0.66171875 0.625 0.14375 0.0609375
2 0.6796875 0.68984375 0.1265625 0.0859375
2 0.69453125 0.0375 0.1203125 0.0734375
2 0.75 0.20625 0.140625 0.0921875
2 0.778125 0.3015625 0.11875 0.0765625
2 0.8 0.05078125 0.140625 0.096875
2 0.825 0.2046875 0.090625 0.0859375
2 0.83125 0.12109375 0.159375 0.09375
2 0.4109375 0.43984375 0.1203125 0.0890625
2 0.4859375 0.61640625 0.1125 0.0734375
2 0.4859375 0.553125 0.134375 0.08125
2 0.51640625 0.4734375 0.14375 0.0921875