2 0.853125 0.22734375 0.225 0.16875
2 0.371875 0.3015625 0.203125 0.1625
2 0.1640625 0.3390625 0.303125 0.203125
2 0.8125 0.3765625 0.278125 0.171875
2 0.4828125 0.5078125 0.3296875 0.2453125
2 0.20234375 0.52578125 0.2375 0.1859375
2 0.93046875 0.06484375 0.1390625 0.1296875
2 0.30234375 0.71171875 0.3203125 0.284375
2 0.06015625 0.71328125 0.1203125 0.2359375
2 0.71015625 0.71640625 0.3625 0.2421875
2 0.625 0.8734375 0.3015625 0.253125
2 0.88125 0.9109375 0.2375 0.178125
2 0.13671875 0.93359375 0.2734375 0.1328125
2 0.33671875 0.1390625 0.165625 0.1546875
2 0.14296875 0.175 0.2703125 0.1703125
2 0.62578125 0.1765625 0.3 0.24375