2 0.22734375 0.146875 0.16875 0.225
2 0.3015625 0.628125 0.1625 0.203125
2 0.3390625 0.8359375 0.203125 0.303125
2 0.3765625 0.1875 0.171875 0.278125
2 0.5078125 0.5171875 0.2453125 0.3296875
2 0.52578125 0.79765625 0.1859375 0.2375
2 0.06484375 0.06953125 0.1296875 0.1390625
2 0.71171875 0.69765625 0.284375 0.3203125
2 0.71328125 0.93984375 0.2359375 0.1203125
2 0.71640625 0.28984375 0.2421875 0.3625
2 0.8734375 0.375 0.253125 0.3015625
2 0.9109375 0.11875 0.178125 0.2375
2 0.93359375 0.86328125 0.1328125 0.2734375
2 0.1390625 0.66328125 0.1546875 0.165625
2 0.175 0.85703125 0.1703125 0.2703125
2 0.1765625 0.37421875 0.24375 0.3