2 0.77265625 0.853125 0.16875 0.225
2 0.6984375 0.371875 0.1625 0.203125
2 0.6609375 0.1640625 0.203125 0.303125
2 0.6234375 0.8125 0.171875 0.278125
2 0.4921875 0.4828125 0.2453125 0.3296875
2 0.47421875 0.20234375 0.1859375 0.2375
2 0.93515625 0.93046875 0.1296875 0.1390625
2 0.28828125 0.30234375 0.284375 0.3203125
2 0.28671875 0.06015625 0.2359375 0.1203125
2 0.28359375 0.71015625 0.2421875 0.3625
2 0.1265625 0.625 0.253125 0.3015625
2 0.0890625 0.88125 0.178125 0.2375
2 0.06640625 0.13671875 0.1328125 0.2734375
2 0.8609375 0.33671875 0.1546875 0.165625
2 0.825 0.14296875 0.1703125 0.2703125
2 0.8234375 0.62578125 0.24375 0.3