2 0.7875 0.41796875 0.384375 0.578125
1 0.10546875 0.934375 0.0703125 0.1046875
1 0.1546875 0.31484375 0.0953125 0.140625
2 0.2453125 0.309375 0.125 0.175
2 0.59453125 0.27265625 0.225 0.38125
2 0.17109375 0.19296875 0.0484375 0.0796875
1 0.37890625 0.80859375 0.0796875 0.1140625
1 0.03828125 0.7734375 0.0765625 0.121875
1 0.13671875 0.72734375 0.053125 0.0859375
1 0.525 0.56328125 0.21875 0.3265625
1 0.36796875 0.52734375 0.10625 0.1609375
1 0.08984375 0.51171875 0.0828125 0.1171875
2 0.3421875 0.453125 0.1296875 0.1765625