2 0.58203125 0.2125 0.578125 0.384375
1 0.065625 0.89453125 0.1046875 0.0703125
1 0.68515625 0.8453125 0.140625 0.0953125
2 0.690625 0.7546875 0.175 0.125
2 0.72734375 0.40546875 0.38125 0.225
2 0.80703125 0.82890625 0.0796875 0.0484375
1 0.19140625 0.62109375 0.1140625 0.0796875
1 0.2265625 0.96171875 0.121875 0.0765625
1 0.27265625 0.86328125 0.0859375 0.053125
1 0.43671875 0.475 0.3265625 0.21875
1 0.47265625 0.63203125 0.1609375 0.10625
1 0.48828125 0.91015625 0.1171875 0.0828125
2 0.546875 0.6578125 0.1765625 0.1296875