2 0.7109375 0.56875 0.040625 0.0859375
2 0.8828125 0.5671875 0.05 0.09375
2 0.7921875 0.5390625 0.0546875 0.115625
2 0.85 0.51484375 0.0421875 0.0921875
2 0.7390625 0.49453125 0.0390625 0.0890625
2 0.21328125 0.49375 0.0546875 0.1421875
2 0.03671875 0.47578125 0.0734375 0.2234375
1 0.26484375 0.459375 0.059375 0.1046875
2 0.2265625 0.4125 0.05625 0.075
2 0.121875 0.38984375 0.0515625 0.14375
2 0.95234375 0.31796875 0.0609375 0.1171875
2 0.91015625 0.296875 0.0515625 0.090625
2 0.08046875 0.26171875 0.05 0.115625
1 0.2109375 0.69921875 0.0734375 0.125
2 0.30234375 0.696875 0.0515625 0.0875
2 0.8890625 0.68671875 0.034375 0.075
2 0.10703125 0.6421875 0.075 0.1390625
2 0.8359375 0.63125 0.053125 0.0921875