2 0.43125 0.2890625 0.0859375 0.040625
2 0.4328125 0.1171875 0.09375 0.05
2 0.4609375 0.2078125 0.115625 0.0546875
2 0.48515625 0.15 0.0921875 0.0421875
2 0.50546875 0.2609375 0.0890625 0.0390625
2 0.50625 0.78671875 0.1421875 0.0546875
2 0.52421875 0.96328125 0.2234375 0.0734375
1 0.540625 0.73515625 0.1046875 0.059375
2 0.5875 0.7734375 0.075 0.05625
2 0.61015625 0.878125 0.14375 0.0515625
2 0.68203125 0.04765625 0.1171875 0.0609375
2 0.703125 0.08984375 0.090625 0.0515625
2 0.73828125 0.91953125 0.115625 0.05
1 0.30078125 0.7890625 0.125 0.0734375
2 0.303125 0.69765625 0.0875 0.0515625
2 0.31328125 0.1109375 0.075 0.034375
2 0.3578125 0.89296875 0.1390625 0.075
2 0.36875 0.1640625 0.0921875 0.053125